household,time_start,time_end,Type,ext_infected
1,39,102,3,0
1,39,102,3,1
1,39,102,2,0
1,39,102,2,0
1,39,102,2,0
1,39,102,1,0
2,64,225,3,0
2,64,225,3,0
2,64,225,2,0
2,64,225,2,0
3,49,114,3,0
3,49,114,3,1
3,49,114,2,0
3,49,114,1,0
3,49,114,1,0
3,49,114,1,0
4,56,217,3,0
4,56,217,3,0
4,56,217,2,0
4,56,217,2,0
4,56,217,1,0
5,59,113,3,1
5,59,113,3,0
5,59,113,2,1
6,60,221,3,0
6,60,221,3,0
6,60,221,2,0
6,60,221,2,0
6,60,221,1,0
7,52,121,3,0
7,52,121,3,0
7,52,121,2,0
7,52,121,2,1
8,64,225,3,0
8,64,225,3,0
8,64,225,2,0
8,64,225,2,0
9,55,216,3,0
9,55,216,3,0
9,55,216,2,0
9,55,216,2,0
10,59,220,3,0
10,59,220,3,0
10,59,220,2,0
10,59,220,1,0
11,59,220,3,0
11,59,220,3,0
11,59,220,2,0
12,66,227,3,0
12,66,227,3,0
12,66,227,2,0
12,66,227,1,0
12,66,227,2,0
13,63,161,3,1
14,71,232,3,0
14,71,232,2,0
14,71,232,3,0
15,70,231,3,0
15,70,231,2,0
15,70,231,3,0
15,70,231,2,0
13,63,161,3,0
13,63,161,2,0
16,70,231,3,0
16,70,231,3,0
16,70,231,2,0
16,70,231,2,0
17,71,232,3,0
17,71,232,3,0
17,71,232,2,0
17,71,232,2,0
17,71,232,2,0
18,73,234,3,0
18,73,234,3,0
18,73,234,2,0
18,73,234,2,0
18,73,234,1,0
19,67,228,3,0
19,67,228,2,0
19,67,228,1,0
20,78,239,3,0
20,78,239,3,0
20,78,239,2,0
20,78,239,2,0
21,73,234,3,0
21,73,234,3,0
21,73,234,2,0
21,73,234,2,0
22,81,242,3,0
22,81,242,3,0
22,81,242,2,0
22,81,242,2,0
23,98,259,3,0
23,98,259,2,0
23,98,259,2,0
24,86,88,3,0
24,86,88,3,0
24,86,88,2,1
24,86,88,2,0
25,73,234,3,0
25,73,234,3,0
25,73,234,2,0
25,73,234,3,0
26,74,235,3,0
26,74,235,3,0
26,74,235,2,0
26,74,235,2,0
27,74,92,3,1
27,74,92,3,1
27,74,92,2,0
27,74,92,2,0
27,74,92,1,0
28,78,239,3,0
28,78,239,3,0
28,78,239,2,0
28,78,239,2,0
29,78,239,3,0
29,78,239,3,0
29,78,239,2,0
29,78,239,2,0
30,71,232,3,0
30,71,232,3,0
30,71,232,2,0
31,79,240,3,0
31,79,240,3,0
31,79,240,2,0
31,79,240,2,0
32,81,242,3,0
32,81,242,2,0
32,81,242,2,0
33,85,227,3,1
33,85,227,3,1
33,85,227,2,1
33,85,227,2,1
34,108,269,3,0
34,108,269,3,0
34,108,269,2,0
35,78,239,3,0
35,78,239,2,0
36,77,238,3,0
36,77,238,3,0
36,77,238,2,0
37,88,217,3,1
37,88,217,3,0
37,88,217,2,0
37,88,217,3,0
37,88,217,2,0
38,77,238,3,0
38,77,238,3,0
38,77,238,2,0
38,77,238,2,0
38,77,238,2,0
39,77,238,3,0
39,77,238,3,0
39,77,238,2,0
39,77,238,3,0
40,84,245,3,0
40,84,245,3,0
40,84,245,2,0
40,84,245,2,0
40,84,245,1,0
41,79,240,3,0
41,79,240,3,0
41,79,240,2,0
41,79,240,2,0
42,86,114,3,1
42,86,114,3,1
42,86,114,2,1
42,86,114,2,1
43,84,245,3,0
43,84,245,3,0
43,84,245,2,0
43,84,245,2,0
44,92,253,3,0
44,92,253,3,0
44,92,253,2,0
44,92,253,2,0
44,92,253,2,0
45,136,297,3,0
45,136,297,3,0
45,136,297,2,0
45,136,297,2,0
46,88,249,3,0
46,88,249,3,0
46,88,249,2,0
47,86,247,3,0
47,86,247,3,0
47,86,247,2,0
47,86,247,3,0
48,91,252,3,0
48,91,252,2,0
48,91,252,3,0
49,91,225,3,1
49,91,225,3,1
49,91,225,2,0
49,91,225,2,0
49,91,225,2,1
50,91,252,3,0
50,91,252,3,0
50,91,252,2,0
51,92,253,3,0
51,92,253,3,0
51,92,253,2,0
51,92,253,3,0
52,98,259,3,0
52,98,259,3,0
52,98,259,2,0
52,98,259,2,0
52,98,259,1,0
53,94,255,3,0
53,94,255,3,0
53,94,255,2,0
53,94,255,1,0
54,95,256,3,0
54,95,256,3,0
54,95,256,2,0
55,94,255,3,0
55,94,255,3,0
55,94,255,2,0
55,94,255,2,0
56,99,260,3,0
56,99,260,2,0
57,99,260,3,0
57,99,260,2,0
57,99,260,3,0
58,116,213,3,1
58,116,213,3,0
58,116,213,2,0
58,116,213,1,0
59,92,253,3,0
59,92,253,3,0
59,92,253,2,0
60,106,267,3,0
60,106,267,3,0
60,106,267,3,0
61,101,133,3,1
61,101,133,3,1
61,101,133,2,0
61,101,133,2,0
62,102,239,3,1
62,102,239,2,0
63,93,108,3,0
63,93,108,2,1
63,93,108,2,0
63,93,108,1,0
64,99,260,3,0
64,99,260,2,0
65,102,263,3,0
65,102,263,2,0
65,102,263,2,0
65,102,263,1,0
66,108,269,3,0
66,108,269,3,0
66,108,269,2,0
66,108,269,3,0
67,105,266,3,0
67,105,266,3,0
67,105,266,2,0
67,105,266,3,0
68,105,266,3,0
68,105,266,3,0
68,105,266,2,0
69,105,266,3,0
69,105,266,3,0
69,105,266,2,0
69,105,266,2,0
70,114,275,3,0
70,114,275,2,0
70,114,275,2,0
71,98,259,3,0
71,98,259,3,0
71,98,259,2,0
71,98,259,3,0
72,108,269,3,0
72,108,269,3,0
72,108,269,2,0
72,108,269,3,0
72,108,269,2,0
73,112,273,3,0
73,112,273,3,0
73,112,273,2,0
74,114,275,3,0
74,114,275,3,0
74,114,275,2,0
74,114,275,2,0
75,106,267,3,0
75,106,267,3,0
75,106,267,2,0
76,136,297,3,0
76,136,297,3,0
76,136,297,2,0
76,136,297,2,0
77,112,273,3,0
77,112,273,3,0
77,112,273,2,0
78,112,273,3,0
78,112,273,3,0
78,112,273,2,0
79,140,301,3,0
79,140,301,3,0
79,140,301,2,0
80,140,230,3,0
80,140,230,2,1
80,140,230,3,0
80,140,230,3,0
81,141,302,3,0
81,141,302,3,0
81,141,302,2,0
81,141,302,3,0
82,140,301,3,0
82,140,301,3,0
82,140,301,2,0
82,140,301,1,0
83,143,304,3,0
83,143,304,3,0
83,143,304,2,0
83,143,304,2,0
83,143,304,2,0
84,141,302,3,0
84,141,302,3,0
84,141,302,2,0
84,141,302,2,0
85,140,296,3,0
85,140,296,3,0
85,140,296,2,0
85,140,296,2,1
85,140,296,2,0
86,151,285,3,0
86,151,285,3,0
86,151,285,2,0
86,151,285,3,0
86,151,285,2,0
86,151,285,1,1
87,143,304,3,0
87,143,304,3,0
87,143,304,2,0
87,143,304,2,0
88,147,308,3,0
88,147,308,3,0
88,147,308,2,0
88,147,308,1,0
89,147,308,3,0
89,147,308,3,0
89,147,308,2,0
89,147,308,2,0
89,147,308,2,0
90,150,311,3,0
90,150,311,3,0
90,150,311,2,0
90,150,311,3,0
91,151,312,3,0
91,151,312,3,0
91,151,312,2,0
91,151,312,2,0
92,150,198,3,1
92,150,198,3,0
92,150,198,2,0
92,150,198,2,1
92,150,198,2,0
93,154,315,3,0
93,154,315,3,0
93,154,315,2,0
94,154,315,3,0
94,154,315,3,0
94,154,315,2,0
94,154,315,3,0
94,154,315,2,0
95,157,318,3,0
95,157,318,3,0
95,157,318,2,0
96,163,324,3,0
96,163,324,3,0
96,163,324,2,0
96,163,324,2,0
96,163,324,1,0
97,164,325,3,0
97,164,325,3,0
97,164,325,2,0
97,164,325,3,0
98,171,332,3,0
98,171,332,2,0
98,171,332,3,0
99,175,336,3,0
99,175,336,3,0
99,175,336,2,0
100,164,325,3,0
100,164,325,3,0
100,164,325,2,0
100,164,325,2,0
101,178,339,3,0
101,178,339,3,0
101,178,339,2,0
101,178,339,3,0
102,176,337,3,0
102,176,337,3,0
102,176,337,2,0
102,176,337,2,0
103,171,332,3,0
103,171,332,3,0
103,171,332,2,0
103,171,332,2,0
104,1,162,3,0
104,1,162,3,0
104,1,162,1,0
104,1,162,1,0
105,2,63,3,0
105,2,63,3,0
105,2,63,1,0
105,2,63,1,0
105,2,63,1,0
106,3,164,3,0
106,3,164,3,0
106,3,164,1,0
106,3,164,1,0
106,3,164,3,0
107,4,165,3,0
107,4,165,3,0
107,4,165,1,0
107,4,165,1,0
108,9,147,3,1
108,9,147,1,1
108,9,147,1,1
109,9,170,3,0
109,9,170,3,0
109,9,170,1,0
109,9,170,1,0
110,10,171,3,0
110,10,171,3,0
110,10,171,1,0
111,11,172,3,0
111,11,172,3,0
111,11,172,1,0
111,11,172,1,0
112,14,175,3,0
112,14,175,3,0
112,14,175,1,0
112,14,175,1,0
113,15,176,3,0
113,15,176,3,0
113,15,176,1,0
113,15,176,1,0
114,16,177,3,0
114,16,177,3,0
114,16,177,1,0
114,16,177,1,0
115,17,178,3,0
115,17,178,3,0
115,17,178,1,0
115,17,178,1,0
116,18,99,3,1
116,18,99,3,1
116,18,99,1,0
117,18,34,3,1
117,18,34,3,0
117,18,34,3,0
117,18,34,1,0
118,21,182,3,0
118,21,182,3,0
118,21,182,1,0
118,21,182,1,0
118,21,182,1,0
119,22,183,3,0
119,22,183,3,0
119,22,183,1,0
119,22,183,1,0
119,22,183,1,0
120,23,184,3,0
120,23,184,3,0
120,23,184,1,0
120,23,184,1,0
121,23,184,3,0
121,23,184,3,0
121,23,184,1,0
121,23,184,1,0
121,23,184,1,0
121,23,184,3,0
122,23,184,3,0
122,23,184,3,0
122,23,184,1,0
122,23,184,1,0
123,23,165,3,0
123,23,165,3,1
123,23,165,1,0
123,23,165,1,0
124,24,129,3,0
124,24,129,3,0
124,24,129,1,0
124,24,129,1,0
125,24,50,3,0
125,24,50,3,0
125,24,50,1,0
125,24,50,1,0
126,24,141,3,0
126,24,141,3,0
126,24,141,1,0
126,24,141,1,0
126,24,141,1,0
127,25,50,3,0
127,25,50,3,0
127,25,50,1,1
128,25,186,3,0
128,25,186,3,0
128,25,186,1,0
128,25,186,1,0
129,25,186,3,0
129,25,186,3,0
129,25,186,2,0
129,25,186,1,0
130,29,190,3,0
130,29,190,3,0
130,29,190,1,0
131,29,190,3,0
131,29,190,3,0
131,29,190,1,0
131,29,190,1,0
132,30,191,3,0
132,30,191,3,0
132,30,191,1,0
133,30,191,3,0
133,30,191,3,0
133,30,191,1,0
134,30,191,3,0
134,30,191,3,0
134,30,191,1,0
134,30,191,1,0
134,30,191,1,0
135,32,193,3,0
135,32,193,3,0
135,32,193,3,0
135,32,193,3,0
135,32,193,3,0
135,32,193,3,0
135,32,193,1,0
135,32,193,1,0
136,32,193,3,0
136,32,193,3,0
136,32,193,1,0
136,32,193,1,0
137,32,193,3,0
137,32,193,3,0
137,32,193,1,0
137,32,193,1,0
137,32,193,1,0
138,32,193,3,0
138,32,193,3,0
138,32,193,1,0
138,32,193,1,0
139,35,92,3,0
139,35,92,3,0
139,35,92,1,0
139,35,92,1,0
140,35,196,3,0
140,35,196,3,0
140,35,196,1,0
140,35,196,1,0
141,35,133,3,0
141,35,133,3,0
141,35,133,1,0
141,35,133,1,0
142,36,197,3,0
142,36,197,3,0
142,36,197,1,0
142,36,197,1,0
142,36,197,1,0
143,37,198,3,0
143,37,198,3,0
143,37,198,1,0
143,37,198,1,0
143,37,198,1,0
144,37,198,3,0
144,37,198,3,0
144,37,198,1,0
144,37,198,1,0
145,37,198,3,0
145,37,198,3,0
145,37,198,1,0
145,37,198,1,0
146,38,199,3,0
146,38,199,3,0
146,38,199,1,0
146,38,199,1,0
147,38,149,3,0
147,38,149,3,0
147,38,149,1,0
147,38,149,1,0
148,38,199,3,0
148,38,199,3,0
148,38,199,1,0
148,38,199,1,0
148,38,199,1,0
148,38,199,3,0
149,39,200,3,0
149,39,200,3,0
149,39,200,1,0
149,39,200,1,0
149,39,200,1,0
150,39,200,3,0
150,39,200,3,0
150,39,200,1,0
150,39,200,1,0
150,39,200,1,0
151,39,200,3,0
151,39,200,3,0
151,39,200,1,0
152,42,112,3,0
152,42,112,3,1
152,42,112,1,0
152,42,112,1,0
153,42,203,3,0
153,42,203,3,0
153,42,203,1,0
154,42,203,3,0
154,42,203,3,0
154,42,203,1,0
155,42,203,3,0
155,42,203,3,0
155,42,203,1,0
156,42,203,3,0
156,42,203,1,0
156,42,203,1,0
157,42,53,3,1
157,42,53,3,0
157,42,53,1,0
157,42,53,1,0
158,43,204,3,0
158,43,204,3,0
158,43,204,1,0
158,43,204,1,0
159,43,182,3,1
159,43,182,3,0
159,43,182,1,0
159,43,182,1,0
160,44,205,3,0
160,44,205,3,0
160,44,205,1,0
160,44,205,1,0
161,44,205,3,0
161,44,205,3,0
161,44,205,1,0
161,44,205,1,0
162,45,206,3,0
162,45,206,3,0
162,45,206,1,0
162,45,206,1,0
163,45,110,3,1
163,45,110,3,0
163,45,110,1,0
163,45,110,1,0
164,45,206,3,0
164,45,206,3,0
164,45,206,2,0
164,45,206,1,0
165,45,206,3,0
165,45,206,3,0
165,45,206,1,0
165,45,206,1,0
166,46,207,3,0
166,46,207,3,0
166,46,207,1,0
166,46,207,1,0
167,46,207,3,0
167,46,207,3,0
167,46,207,1,0
167,46,207,1,0
168,46,207,3,0
168,46,207,3,0
168,46,207,1,0
169,49,210,3,0
169,49,210,3,0
169,49,210,1,0
170,49,210,3,0
170,49,210,3,0
170,49,210,1,0
170,49,210,1,0
170,49,210,1,0
171,49,126,3,0
171,49,126,3,1
171,49,126,1,1
172,49,210,3,0
172,49,210,3,0
172,49,210,1,0
172,49,210,1,0
173,49,102,3,1
173,49,102,3,0
173,49,102,1,0
174,50,133,3,1
174,50,133,3,0
174,50,133,1,0
174,50,133,1,0
175,50,211,3,0
175,50,211,3,0
175,50,211,1,0
176,51,52,3,1
176,51,52,3,1
176,51,52,1,0
177,51,127,3,0
177,51,127,3,0
177,51,127,3,0
177,51,127,3,0
177,51,127,1,0
178,51,210,3,0
178,51,210,3,0
178,51,210,3,0
178,51,210,1,0
178,51,210,1,0
178,51,210,3,0
179,51,212,3,0
179,51,212,3,0
179,51,212,1,0
179,51,212,1,0
180,51,212,3,0
180,51,212,3,0
180,51,212,1,0
180,51,212,1,0
181,50,211,3,0
181,50,211,3,0
181,50,211,1,0
181,50,211,1,0
181,50,211,1,0
182,51,212,3,0
182,51,212,3,0
182,51,212,1,0
182,51,212,1,0
183,51,212,3,0
183,51,212,3,0
183,51,212,1,0
183,51,212,1,0
184,53,64,3,1
184,53,64,3,0
184,53,64,2,1
184,53,64,1,1
184,53,64,1,1
185,53,214,3,0
185,53,214,3,0
185,53,214,1,0
186,53,214,3,0
186,53,214,3,0
186,53,214,3,0
186,53,214,2,0
186,53,214,1,0
186,53,214,1,0
187,53,214,3,0
187,53,214,3,0
187,53,214,1,0
188,53,214,3,0
188,53,214,3,0
188,53,214,1,0
188,53,214,1,0
188,53,214,1,0
188,53,214,1,0
189,56,217,3,0
189,56,217,3,0
189,56,217,1,0
190,56,217,3,0
190,56,217,3,0
190,56,217,1,0
190,56,217,1,0
191,56,58,3,0
191,56,58,3,0
191,56,58,1,1
192,56,217,3,0
192,56,217,3,0
192,56,217,1,0
193,56,217,3,0
193,56,217,1,0
193,56,217,1,0
194,57,218,3,0
194,57,218,3,0
194,57,218,1,0
194,57,218,1,0
195,57,218,3,0
195,57,218,3,0
195,57,218,1,0
196,57,189,3,0
196,57,189,3,0
196,57,189,1,1
196,57,189,1,0
197,58,219,3,0
197,58,219,3,0
197,58,219,1,0
197,58,219,1,0
198,58,219,3,0
198,58,219,3,0
198,58,219,1,0
198,58,219,1,0
198,58,219,1,0
199,58,219,3,0
199,58,219,3,0
199,58,219,2,0
199,58,219,1,0
200,59,108,3,0
200,59,108,3,1
200,59,108,1,1
200,59,108,1,0
201,60,221,3,0
201,60,221,3,0
201,60,221,1,0
201,60,221,1,0
202,60,221,3,0
202,60,221,3,0
202,60,221,2,0
202,60,221,1,0
202,60,221,1,0
203,60,188,3,1
203,60,188,3,1
203,60,188,1,0
203,60,188,1,0
204,60,221,3,0
204,60,221,3,0
204,60,221,1,0
204,60,221,1,0
205,65,226,3,0
205,65,226,3,0
205,65,226,1,0
205,65,226,1,0
206,65,226,3,0
206,65,226,3,0
206,65,226,2,0
206,65,226,1,0
206,65,226,1,0
207,72,233,3,0
207,72,233,3,0
207,72,233,1,0
208,72,233,3,0
208,72,233,3,0
208,72,233,1,0
208,72,233,1,0
208,72,233,1,0
209,72,233,3,0
209,72,233,1,0
209,72,233,1,0
210,73,205,3,0
210,73,205,3,0
210,73,205,1,0
210,73,205,1,0
210,73,205,1,1
211,74,235,3,0
211,74,235,3,0
211,74,235,1,0
211,74,235,1,0
212,74,235,3,0
212,74,235,3,0
212,74,235,1,0
213,77,238,3,0
213,77,238,3,0
213,77,238,1,0
214,77,238,3,0
214,77,238,3,0
214,77,238,1,0
215,79,240,3,0
215,79,240,3,0
215,79,240,1,0
216,79,240,3,0
216,79,240,3,0
216,79,240,1,0
216,79,240,1,0
216,79,240,1,0
217,81,225,3,1
217,81,225,3,1
217,81,225,1,0
217,81,225,1,1
218,84,245,3,0
218,84,245,3,0
218,84,245,1,0
219,84,245,3,0
219,84,245,3,0
219,84,245,1,0
219,84,245,1,0
220,84,245,3,0
220,84,245,3,0
220,84,245,1,0
220,84,245,1,0
221,85,246,3,0
221,85,246,3,0
221,85,246,1,0
221,85,246,1,0
222,86,247,3,0
222,86,247,1,0
222,86,247,1,0
222,86,247,1,0
222,86,247,1,0
223,86,247,3,0
223,86,247,3,0
223,86,247,1,0
223,86,247,1,0
224,86,188,3,0
224,86,188,3,0
224,86,188,1,1
224,86,188,1,0
224,86,188,1,0
225,87,248,3,0
225,87,248,1,0
226,87,195,3,0
226,87,195,3,0
226,87,195,1,0
226,87,195,1,0
227,88,249,3,0
227,88,249,3,0
227,88,249,1,0
227,88,249,1,0
228,88,210,3,1
228,88,210,3,0
228,88,210,1,0
228,88,210,1,0
229,88,167,3,0
229,88,167,3,0
229,88,167,1,0
229,88,167,1,0
230,88,248,3,0
230,88,248,3,0
230,88,248,1,0
230,88,248,1,0
231,91,227,3,0
231,91,227,3,0
231,91,227,1,0
232,91,252,3,0
232,91,252,3,0
232,91,252,1,0
232,91,252,1,0
232,91,252,1,0
233,91,252,3,0
233,91,252,3,0
233,91,252,1,0
233,91,252,1,0
234,91,252,3,0
234,91,252,3,0
234,91,252,1,0
235,92,253,3,0
235,92,253,3,0
235,92,253,1,0
235,92,253,1,0
236,92,253,3,0
236,92,253,3,0
236,92,253,1,0
236,92,253,1,0
237,92,253,3,0
237,92,253,3,0
237,92,253,1,0
237,92,253,1,0
238,93,254,3,0
238,93,254,3,0
238,93,254,1,0
238,93,254,1,0
239,93,254,3,0
239,93,254,3,0
239,93,254,1,0
240,93,254,3,0
240,93,254,3,0
240,93,254,1,0
240,93,254,1,0
240,93,254,1,0
241,93,254,3,0
241,93,254,3,0
241,93,254,1,0
241,93,254,1,0
242,94,255,3,0
242,94,255,3,0
242,94,255,2,0
242,94,255,1,0
242,94,255,1,0
242,94,255,1,0
243,94,255,3,0
243,94,255,3,0
243,94,255,1,0
244,94,255,3,0
244,94,255,3,0
244,94,255,1,0
245,94,108,3,0
245,94,108,3,0
245,94,108,3,0
245,94,108,1,0
246,95,256,3,0
246,95,256,3,0
246,95,256,1,0
246,95,256,1,0
247,98,259,3,0
247,98,259,3,0
247,98,259,1,0
247,98,259,1,0
248,98,259,3,0
248,98,259,3,0
248,98,259,1,0
248,98,259,1,0
249,99,260,3,0
249,99,260,3,0
249,99,260,1,0
249,99,260,1,0
250,99,260,3,0
250,99,260,3,0
250,99,260,1,0
250,99,260,1,0
251,99,260,3,0
251,99,260,3,0
251,99,260,1,0
251,99,260,1,0
251,99,260,1,0
251,99,260,1,0
252,100,261,3,0
252,100,261,3,0
252,100,261,1,0
253,100,208,3,0
253,100,208,3,0
253,100,208,1,0
253,100,208,1,0
253,100,208,1,0
254,102,197,3,0
254,102,197,3,1
254,102,197,1,0
254,102,197,1,0
255,102,263,3,0
255,102,263,3,0
255,102,263,1,0
255,102,263,1,0
255,102,263,1,0
255,102,263,1,0
256,102,263,3,0
256,102,263,3,0
256,102,263,1,0
257,102,112,3,0
257,102,112,3,0
257,102,112,1,0
258,102,263,3,0
258,102,263,3,0
258,102,263,2,0
258,102,263,1,0
259,105,266,3,0
259,105,266,3,0
259,105,266,1,0
259,105,266,1,0
260,105,266,3,0
260,105,266,3,0
260,105,266,1,0
261,106,267,3,0
261,106,267,3,0
261,106,267,1,0
261,106,267,1,0
262,106,267,3,0
262,106,267,3,0
262,106,267,1,0
262,106,267,1,0
262,106,267,1,0
263,106,267,3,0
263,106,267,3,0
263,106,267,1,0
263,106,267,1,0
264,107,268,3,0
264,107,268,3,0
264,107,268,1,0
264,107,268,1,0
265,107,268,3,0
265,107,268,3,0
265,107,268,1,0
265,107,268,1,0
266,107,268,3,0
266,107,268,3,0
266,107,268,1,0
266,107,268,1,0
267,107,268,3,0
267,107,268,3,0
267,107,268,1,0
268,107,268,3,0
268,107,268,3,0
268,107,268,2,0
268,107,268,1,0
269,107,268,3,0
269,107,268,3,0
269,107,268,1,0
269,107,268,1,0
269,107,268,1,0
270,108,269,3,0
270,108,269,1,0
271,108,110,3,1
271,108,110,3,1
271,108,110,1,1
271,108,110,1,1
272,108,269,3,0
272,108,269,3,0
272,108,269,1,0
272,108,269,1,0
273,109,150,3,0
273,109,150,3,1
273,109,150,1,0
274,109,270,3,0
274,109,270,3,0
274,109,270,1,0
274,109,270,1,0
275,109,270,3,0
275,109,270,3,0
275,109,270,1,0
275,109,270,1,0
276,109,270,3,0
276,109,270,3,0
276,109,270,1,0
277,112,273,3,0
277,112,273,3,0
277,112,273,1,0
278,112,273,3,0
279,112,273,3,0
278,112,273,3,0
279,112,273,3,0
278,112,273,1,0
279,112,273,1,0
280,112,205,3,0
280,112,205,3,0
280,112,205,1,1
280,112,205,1,0
281,113,274,3,0
281,113,274,3,0
281,113,274,1,0
281,113,274,1,0
281,113,274,1,0
282,114,275,3,0
282,114,275,3,0
282,114,275,1,0
282,114,275,1,0
283,114,275,3,0
283,114,275,3,0
283,114,275,1,0
284,114,275,3,0
284,114,275,3,0
284,114,275,1,0
285,114,275,3,0
285,114,275,3,0
285,114,275,1,0
285,114,275,1,0
286,114,203,3,0
286,114,203,3,0
286,114,203,1,0
286,114,203,1,0
286,114,203,1,0
287,114,135,3,0
287,114,135,3,0
287,114,135,1,0
287,114,135,1,0
288,114,275,3,0
288,114,275,3,0
288,114,275,1,0
288,114,275,1,0
289,116,140,3,0
289,116,140,1,0
290,116,277,3,0
290,116,277,3,0
290,116,277,1,0
290,116,277,1,0
291,116,277,3,0
291,116,277,3,0
291,116,277,1,0
291,116,277,1,0
292,116,277,3,0
292,116,277,3,0
292,116,277,1,0
292,116,277,1,0
293,119,256,3,1
293,119,256,3,0
293,119,256,1,0
293,119,256,1,0
294,119,280,3,0
294,119,280,3,0
294,119,280,1,0
295,119,280,3,0
295,119,280,3,0
295,119,280,1,0
296,119,280,3,0
296,119,280,3,0
296,119,280,1,0
296,119,280,1,0
297,119,280,3,0
297,119,280,3,0
297,119,280,2,0
297,119,280,1,0
298,119,154,3,0
298,119,154,3,0
298,119,154,1,0
298,119,154,1,0
192,76,217,1,0
299,121,275,3,0
299,121,275,3,0
299,121,275,1,0
299,121,275,1,0
299,121,275,1,1
300,121,184,3,0
300,121,184,3,1
300,121,184,1,0
300,121,184,1,0
301,121,282,3,0
301,121,282,3,0
301,121,282,1,0
302,121,282,3,0
302,121,282,3,0
302,121,282,1,0
302,121,282,1,0
303,121,282,3,0
303,121,282,3,0
303,121,282,1,0
304,122,184,3,0
304,122,184,3,1
304,122,184,1,0
305,135,296,3,0
305,135,296,3,0
305,135,296,2,0
305,135,296,1,0
306,135,296,3,0
306,135,296,3,0
306,135,296,1,0
307,135,296,3,0
307,135,296,3,0
307,135,296,1,0
307,135,296,1,0
307,135,296,1,0
